ORIGINAL FILENAME:
Qkl_195_chianti.ioneq_sun_coronal_1992_feldman_ext.abund.S1a-Filter-photons-Abund-1e-3-ALL-withCONTINUUM_Ne1E08_C710.25-4.00MK.out
Files used for ioneq and abundance:
chianti.ioneq
sun_coronal_1992_feldman_ext.abund
Ne, logEM:
   1.0000000e+08      16.0000
Instr-fwhm, NTemp, w1, w2, w-bin, Nlambda
   0.00100000     200      170.400      450.000   0.00100000      279601.
Renorm. Const for PHI:
     0.066405691
       logTe[K]  ,  Integral(d_lambda*Emissivity(lambda)*phi_peak1(lambda))/N_e^2    Sum/N_e^2
       5.3979400   5.0269266e-15   4.8910098e-15
       5.4039909   5.1281997e-15   4.9933126e-15
       5.4100417   5.2192386e-15   5.0853742e-15
       5.4160926   5.3000521e-15   5.1672027e-15
       5.4221434   5.3706019e-15   5.2387602e-15
       5.4281943   5.4307302e-15   5.2998889e-15
       5.4342451   5.4801895e-15   5.3503415e-15
       5.4402960   5.5186150e-15   5.3897531e-15
       5.4463468   5.5455376e-15   5.4176547e-15
       5.4523977   5.5604381e-15   5.4335271e-15
       5.4584486   5.5646898e-15   5.4387425e-15
       5.4644994   5.5620093e-15   5.4370150e-15
       5.4705503   5.5558194e-15   5.4317650e-15
       5.4766011   5.5490260e-15   5.4258966e-15
       5.4826520   5.5439867e-15   5.4217659e-15
       5.4887028   5.5425150e-15   5.4211850e-15
       5.4947537   5.5458721e-15   5.4254145e-15
       5.5008045   5.5547641e-15   5.4351597e-15
       5.5068554   5.5699655e-15   5.4511948e-15
       5.5129062   5.5932862e-15   5.4753290e-15
       5.5189571   5.6261669e-15   5.5090024e-15
       5.5250079   5.6694579e-15   5.5530649e-15
       5.5310588   5.7234983e-15   5.6078560e-15
       5.5371097   5.7881728e-15   5.6732606e-15
       5.5431605   5.8629638e-15   5.7487617e-15
       5.5492114   5.9470191e-15   5.8335079e-15
       5.5552622   6.0392406e-15   5.9264018e-15
       5.5613131   6.1389020e-15   6.0267181e-15
       5.5673639   6.2453473e-15   6.1338013e-15
       5.5734148   6.3578773e-15   6.2469533e-15
       5.5794656   6.4756945e-15   6.3653772e-15
       5.5855165   6.5979317e-15   6.4882067e-15
       5.5915673   6.7236811e-15   6.6145347e-15
       5.5976182   6.8519208e-15   6.7433401e-15
       5.6036691   6.9816058e-15   6.8735843e-15
       5.6097199   7.1119964e-15   7.0045242e-15
       5.6157708   7.2426912e-15   7.1357576e-15
       5.6218216   7.3732529e-15   7.2668479e-15
       5.6278725   7.5032751e-15   7.3973890e-15
       5.6339233   7.6322919e-15   7.5269156e-15
       5.6399742   7.7597938e-15   7.6549184e-15
       5.6460250   7.8852441e-15   7.7808615e-15
       5.6520759   8.0079966e-15   7.9040988e-15
       5.6581267   8.1276643e-15   8.0242439e-15
       5.6641776   8.2442298e-15   8.1412796e-15
       5.6702284   8.3577149e-15   8.2552280e-15
       5.6762793   8.4680510e-15   8.3660209e-15
       5.6823302   8.5751424e-15   8.4735629e-15
       5.6883810   8.6787873e-15   8.5776526e-15
       5.6944319   8.7786904e-15   8.6779950e-15
       5.7004827   8.8744694e-15   8.7742081e-15
       5.7065336   8.9658025e-15   8.8659703e-15
       5.7125844   9.0529869e-15   8.9535791e-15
       5.7186353   9.1363406e-15   9.0373523e-15
       5.7246861   9.2161166e-15   9.1175428e-15
       5.7307370   9.2924409e-15   9.1942769e-15
       5.7367878   9.3653220e-15   9.2675628e-15
       5.7428387   9.4346523e-15   9.3372933e-15
       5.7488896   9.5001509e-15   9.4031874e-15
       5.7549404   9.5614991e-15   9.4649264e-15
       5.7609913   9.6189983e-15   9.5228115e-15
       5.7670421   9.6731761e-15   9.5773702e-15
       5.7730930   9.7244089e-15   9.6289788e-15
       5.7791438   9.7729521e-15   9.6778928e-15
       5.7851947   9.8188942e-15   9.7242007e-15
       5.7912455   9.8621623e-15   9.7678298e-15
       5.7972964   9.9025132e-15   9.8085369e-15
       5.8033472   9.9395335e-15   9.8459155e-15
       5.8093981   9.9734421e-15   9.8801802e-15
       5.8154489   1.0004985e-14   9.9120745e-15
       5.8214998   1.0034787e-14   9.9422232e-15
       5.8275507   1.0063315e-14   9.9710926e-15
       5.8336015   1.0090875e-14   9.9989891e-15
       5.8396524   1.0117616e-14   1.0026061e-14
       5.8457032   1.0143498e-14   1.0052269e-14
       5.8517541   1.0168310e-14   1.0077401e-14
       5.8578049   1.0192249e-14   1.0101656e-14
       5.8638558   1.0216445e-14   1.0126161e-14
       5.8699066   1.0241992e-14   1.0152011e-14
       5.8759575   1.0269865e-14   1.0180182e-14
       5.8820083   1.0300908e-14   1.0211515e-14
       5.8880592   1.0335828e-14   1.0246721e-14
       5.8941101   1.0375196e-14   1.0286368e-14
       5.9001609   1.0419408e-14   1.0330855e-14
       5.9062118   1.0469088e-14   1.0380804e-14
       5.9122626   1.0526204e-14   1.0438182e-14
       5.9183135   1.0592997e-14   1.0505233e-14
       5.9243643   1.0671620e-14   1.0584108e-14
       5.9304152   1.0764165e-14   1.0676899e-14
       5.9364660   1.0872608e-14   1.0785583e-14
       5.9425169   1.0998790e-14   1.0912000e-14
       5.9485677   1.1144391e-14   1.1057831e-14
       5.9546186   1.1311005e-14   1.1224671e-14
       5.9606694   1.1501946e-14   1.1415833e-14
       5.9667203   1.1721301e-14   1.1635405e-14
       5.9727712   1.1973104e-14   1.1887422e-14
       5.9788220   1.2261169e-14   1.2175698e-14
       5.9848729   1.2589038e-14   1.2503778e-14
       5.9909237   1.2959951e-14   1.2874902e-14
       5.9969746   1.3376476e-14   1.3291643e-14
       6.0030254   1.3840460e-14   1.3755997e-14
       6.0090763   1.4355493e-14   1.4271265e-14
       6.0151271   1.4926686e-14   1.4842705e-14
       6.0211780   1.5558740e-14   1.5475021e-14
       6.0272288   1.6255895e-14   1.6172457e-14
       6.0332797   1.7021362e-14   1.6938230e-14
       6.0393306   1.7857136e-14   1.7774338e-14
       6.0453814   1.8763831e-14   1.8681404e-14
       6.0514323   1.9739741e-14   1.9657727e-14
       6.0574831   2.0783649e-14   2.0702099e-14
       6.0635340   2.1897548e-14   2.1816524e-14
       6.0695848   2.3083041e-14   2.3002604e-14
       6.0756357   2.4339785e-14   2.4259998e-14
       6.0816865   2.5665304e-14   2.5586259e-14
       6.0877374   2.7054892e-14   2.6976680e-14
       6.0937882   2.8500268e-14   2.8422992e-14
       6.0998391   2.9989824e-14   2.9913592e-14
       6.1058899   3.1509502e-14   3.1434429e-14
       6.1119408   3.3052481e-14   3.2978691e-14
       6.1179917   3.4611937e-14   3.4539558e-14
       6.1240425   3.6179011e-14   3.6108176e-14
       6.1300934   3.7741515e-14   3.7672361e-14
       6.1361442   3.9283867e-14   3.9216529e-14
       6.1421951   4.0786992e-14   4.0721603e-14
       6.1482459   4.2227046e-14   4.2163729e-14
       6.1542968   4.3577492e-14   4.3516355e-14
       6.1603476   4.4822237e-14   4.4763377e-14
       6.1663985   4.5951952e-14   4.5895450e-14
       6.1724493   4.6955044e-14   4.6900963e-14
       6.1785002   4.7818050e-14   4.7766432e-14
       6.1845511   4.8524897e-14   4.8475757e-14
       6.1906019   4.9057163e-14   4.9010484e-14
       6.1966528   4.9394218e-14   4.9349946e-14
       6.2027036   4.9513687e-14   4.9471725e-14
       6.2087545   4.9406040e-14   4.9366253e-14
       6.2148053   4.9077160e-14   4.9039383e-14
       6.2208562   4.8532699e-14   4.8496741e-14
       6.2269070   4.7777298e-14   4.7742938e-14
       6.2329579   4.6814645e-14   4.6781636e-14
       6.2390087   4.5647523e-14   4.5615588e-14
       6.2450596   4.4278732e-14   4.4247566e-14
       6.2511104   4.2710938e-14   4.2680209e-14
       6.2571613   4.0958237e-14   4.0927600e-14
       6.2632122   3.9056624e-14   3.9025748e-14
       6.2692630   3.7041860e-14   3.7010437e-14
       6.2753139   3.4944766e-14   3.4912509e-14
       6.2813647   3.2792509e-14   3.2759156e-14
       6.2874156   3.0608698e-14   3.0574014e-14
       6.2934664   2.8413245e-14   2.8377017e-14
       6.2995173   2.6224117e-14   2.6186161e-14
       6.3055681   2.4059918e-14   2.4020078e-14
       6.3116190   2.1953084e-14   2.1911259e-14
       6.3176698   1.9931929e-14   1.9888070e-14
       6.3237207   1.8016667e-14   1.7970772e-14
       6.3297716   1.6220325e-14   1.6172427e-14
       6.3358224   1.4549660e-14   1.4499820e-14
       6.3418733   1.3007456e-14   1.2955757e-14
       6.3479241   1.1592487e-14   1.1539028e-14
       6.3539750   1.0301689e-14   1.0246580e-14
       6.3600258   9.1325058e-15   9.0758674e-15
       6.3660767   8.0818608e-15   8.0238235e-15
       6.3721275   7.1438396e-15   7.0845366e-15
       6.3781784   6.3111435e-15   6.2507071e-15
       6.3842292   5.5754670e-15   5.5140262e-15
       6.3902801   4.9279257e-15   4.8656029e-15
       6.3963309   4.3597958e-15   4.2967059e-15
       6.4023818   3.8623839e-15   3.7986334e-15
       6.4084327   3.4278075e-15   3.3634945e-15
       6.4144835   3.0488508e-15   2.9840644e-15
       6.4205344   2.7189914e-15   2.6538125e-15
       6.4265852   2.4321685e-15   2.3666695e-15
       6.4326361   2.1829672e-15   2.1172132e-15
       6.4386869   1.9665227e-15   1.9005714e-15
       6.4447378   1.7784417e-15   1.7123443e-15
       6.4507886   1.6148813e-15   1.5486829e-15
       6.4568395   1.4724679e-15   1.4062081e-15
       6.4628903   1.3484987e-15   1.2822123e-15
       6.4689412   1.2406181e-15   1.1743355e-15
       6.4749921   1.1467992e-15   1.0805466e-15
       6.4810429   1.0652634e-15   9.9906378e-16
       6.4870938   9.9442516e-16   9.2829853e-16
       6.4931446   9.3290408e-16   8.6686772e-16
       6.4991955   8.7944851e-16   8.1351741e-16
       6.5052463   8.3296674e-16   7.6715387e-16
       6.5112972   7.9255724e-16   7.2687377e-16
       6.5173480   7.5746915e-16   6.9192468e-16
       6.5233989   7.2702499e-16   6.6162775e-16
       6.5294497   7.0062619e-16   6.3538325e-16
       6.5355006   6.7773037e-16   6.1264776e-16
       6.5415514   6.5783742e-16   5.9292033e-16
       6.5476023   6.4049185e-16   5.7574468e-16
       6.5536532   6.2526812e-16   5.6069464e-16
       6.5597040   6.1186209e-16   5.4746547e-16
       6.5657549   6.0006047e-16   5.3584339e-16
       6.5718057   5.8967651e-16   5.2564118e-16
       6.5778566   5.8053831e-16   5.1668655e-16
       6.5839074   5.7248143e-16   5.0881478e-16
       6.5899583   5.6534874e-16   5.0186841e-16
       6.5960091   5.5898014e-16   4.9568712e-16
       6.6020600   5.5321338e-16   4.9010842e-16
