ORIGINAL FILENAME:
Qkl_284_chianti.ioneq_sun_coronal_1992_feldman_ext.abund.S1a-Filter-photons-Abund-1e-3-ALL-withCONTINUUM_Ne1E08_C710.25-4.00MK.out
Files used for ioneq and abundance:
chianti.ioneq
sun_coronal_1992_feldman_ext.abund
Ne, logEM:
   1.0000000e+08      16.0000
Instr-fwhm, NTemp, w1, w2, w-bin, Nlambda
   0.00100000     200      234.300      450.000   0.00100000      215701.
Renorm. Const for PHI:
    0.0089988196
       logTe[K]  ,  Integral(d_lambda*Emissivity(lambda)*phi_peak1(lambda))/N_e^2    Sum/N_e^2
       5.3979400   3.5136621e-15   3.4582733e-15
       5.4039909   3.3986904e-15   3.3429488e-15
       5.4100417   3.2816048e-15   3.2255241e-15
       5.4160926   3.1634825e-15   3.1070735e-15
       5.4221434   3.0452270e-15   2.9885002e-15
       5.4281943   2.9276563e-15   2.8706214e-15
       5.4342451   2.8114441e-15   2.7541105e-15
       5.4402960   2.6972096e-15   2.6395861e-15
       5.4463468   2.5855016e-15   2.5275966e-15
       5.4523977   2.4768053e-15   2.4186266e-15
       5.4584486   2.3722340e-15   2.3137886e-15
       5.4644994   2.2734495e-15   2.2147433e-15
       5.4705503   2.1818159e-15   2.1228536e-15
       5.4766011   2.0983359e-15   2.0391215e-15
       5.4826520   2.0237586e-15   1.9642951e-15
       5.4887028   1.9586094e-15   1.8988994e-15
       5.4947537   1.9032169e-15   1.8432623e-15
       5.5008045   1.8577752e-15   1.7975774e-15
       5.5068554   1.8224902e-15   1.7620502e-15
       5.5129062   1.7978673e-15   1.7371856e-15
       5.5189571   1.7843235e-15   1.7234001e-15
       5.5250079   1.7821676e-15   1.7210020e-15
       5.5310588   1.7916161e-15   1.7302074e-15
       5.5371097   1.8128127e-15   1.7511598e-15
       5.5431605   1.8458189e-15   1.7839201e-15
       5.5492114   1.8906074e-15   1.8284611e-15
       5.5552622   1.9470760e-15   1.8846801e-15
       5.5613131   2.0154142e-15   1.9527665e-15
       5.5673639   2.0959035e-15   2.0330014e-15
       5.5734148   2.1888132e-15   2.1256539e-15
       5.5794656   2.2943252e-15   2.2309055e-15
       5.5855165   2.4125048e-15   2.3488215e-15
       5.5915673   2.5432817e-15   2.4793315e-15
       5.5976182   2.6863175e-15   2.6220972e-15
       5.6036691   2.8410461e-15   2.7765600e-15
       5.6097199   3.0071496e-15   2.9423969e-15
       5.6157708   3.1846430e-15   3.1196212e-15
       5.6218216   3.3733526e-15   3.3080597e-15
       5.6278725   3.5729752e-15   3.5074092e-15
       5.6339233   3.7829212e-15   3.7170811e-15
       5.6399742   4.0023004e-15   3.9361857e-15
       5.6460250   4.2299107e-15   4.1635220e-15
       5.6520759   4.4640550e-15   4.3973941e-15
       5.6581267   4.7033026e-15   4.6363724e-15
       5.6641776   4.9468666e-15   4.8796708e-15
       5.6702284   5.1939380e-15   5.1264809e-15
       5.6762793   5.4434164e-15   5.3757030e-15
       5.6823302   5.6940219e-15   5.6260583e-15
       5.6883810   5.9441200e-15   5.8759134e-15
       5.6944319   6.1917330e-15   6.1232918e-15
       5.7004827   6.4345542e-15   6.3658880e-15
       5.7065336   6.6702788e-15   6.6013988e-15
       5.7125844   6.8979670e-15   6.8288846e-15
       5.7186353   7.1167773e-15   7.0475130e-15
       5.7246861   7.3258250e-15   7.2563824e-15
       5.7307370   7.5239821e-15   7.4543719e-15
       5.7367878   7.7099255e-15   7.6401652e-15
       5.7428387   7.8821708e-15   7.8122756e-15
       5.7488896   8.0389316e-15   7.9689173e-15
       5.7549404   8.1784490e-15   8.1083327e-15
       5.7609913   8.3003694e-15   8.2301678e-15
       5.7670421   8.4049822e-15   8.3347116e-15
       5.7730930   8.4924352e-15   8.4221115e-15
       5.7791438   8.5627839e-15   8.4924226e-15
       5.7851947   8.6159113e-15   8.5455279e-15
       5.7912455   8.6515562e-15   8.5811659e-15
       5.7972964   8.6692922e-15   8.5989099e-15
       5.8033472   8.6685711e-15   8.5982191e-15
       5.8093981   8.6500389e-15   8.5797338e-15
       5.8154489   8.6153576e-15   8.5451125e-15
       5.8214998   8.5660345e-15   8.4958615e-15
       5.8275507   8.5033980e-15   8.4333083e-15
       5.8336015   8.4285667e-15   8.3585708e-15
       5.8396524   8.3424392e-15   8.2725470e-15
       5.8457032   8.2457133e-15   8.1759342e-15
       5.8517541   8.1388332e-15   8.0691761e-15
       5.8578049   8.0228788e-15   7.9533519e-15
       5.8638558   7.9000901e-15   7.8307002e-15
       5.8699066   7.7725669e-15   7.7033195e-15
       5.8759575   7.6420477e-15   7.5729471e-15
       5.8820083   7.5099601e-15   7.4410097e-15
       5.8880592   7.3774197e-15   7.3086225e-15
       5.8941101   7.2451740e-15   7.1765319e-15
       5.9001609   7.1136700e-15   7.0451842e-15
       5.9062118   6.9833604e-15   6.9150314e-15
       5.9122626   6.8558412e-15   6.7876686e-15
       5.9183135   6.7325994e-15   6.6645824e-15
       5.9243643   6.6147632e-15   6.5469005e-15
       5.9304152   6.5030482e-15   6.4353383e-15
       5.9364660   6.3978053e-15   6.3302464e-15
       5.9425169   6.2990399e-15   6.2316303e-15
       5.9485677   6.2063618e-15   6.1390997e-15
       5.9546186   6.1192107e-15   6.0520945e-15
       5.9606694   6.0380158e-15   5.9710435e-15
       5.9667203   5.9635057e-15   5.8966748e-15
       5.9727712   5.8959852e-15   5.8292931e-15
       5.9788220   5.8354157e-15   5.7688597e-15
       5.9848729   5.7813821e-15   5.7149596e-15
       5.9909237   5.7331612e-15   5.6668697e-15
       5.9969746   5.6897246e-15   5.6235617e-15
       6.0030254   5.6496281e-15   5.5837359e-15
       6.0090763   5.6126286e-15   5.5468663e-15
       6.0151271   5.5787743e-15   5.5131406e-15
       6.0211780   5.5479918e-15   5.4824854e-15
       6.0272288   5.5199388e-15   5.4545587e-15
       6.0332797   5.4940175e-15   5.4287631e-15
       6.0393306   5.4694682e-15   5.4043391e-15
       6.0453814   5.4453443e-15   5.3803407e-15
       6.0514323   5.4205642e-15   5.3556868e-15
       6.0574831   5.3945551e-15   5.3298052e-15
       6.0635340   5.3679494e-15   5.3033280e-15
       6.0695848   5.3414532e-15   5.2769615e-15
       6.0756357   5.3157584e-15   5.2513977e-15
       6.0816865   5.2915318e-15   5.2273036e-15
       6.0877374   5.2695124e-15   5.2054186e-15
       6.0937882   5.2505124e-15   5.1865552e-15
       6.0998391   5.2354404e-15   5.1716225e-15
       6.1058899   5.2256865e-15   5.1620112e-15
       6.1119408   5.2243442e-15   5.1608150e-15
       6.1179917   5.2351470e-15   5.1717675e-15
       6.1240425   5.2618203e-15   5.1988825e-15
       6.1300934   5.3093048e-15   5.2465104e-15
       6.1361442   5.3822326e-15   5.3193291e-15
       6.1421951   5.4851457e-15   5.4224148e-15
       6.1482459   5.6236501e-15   5.5610954e-15
       6.1542968   5.8034389e-15   5.7410701e-15
       6.1603476   6.0321366e-15   5.9699631e-15
       6.1663985   6.3188291e-15   6.2568612e-15
       6.1724493   6.6728421e-15   6.6110911e-15
       6.1785002   7.1037476e-15   7.0422259e-15
       6.1845511   7.6208607e-15   7.5595816e-15
       6.1906019   8.2328676e-15   8.1718454e-15
       6.1966528   8.9473133e-15   8.8865624e-15
       6.2027036   9.7694470e-15   9.7089824e-15
       6.2087545   1.0704959e-14   1.0644795e-14
       6.2148053   1.1760552e-14   1.1700701e-14
       6.2208562   1.2941127e-14   1.2881602e-14
       6.2269070   1.4248240e-14   1.4189051e-14
       6.2329579   1.5679301e-14   1.5620454e-14
       6.2390087   1.7226808e-14   1.7168309e-14
       6.2450596   1.8876207e-14   1.8818055e-14
       6.2511104   2.0605467e-14   2.0547658e-14
       6.2571613   2.2388652e-14   2.2331174e-14
       6.2632122   2.4207199e-14   2.4150039e-14
       6.2692630   2.6040130e-14   2.5983267e-14
       6.2753139   2.7863133e-14   2.7806545e-14
       6.2813647   2.9647233e-14   2.9590892e-14
       6.2874156   3.1358965e-14   3.1302840e-14
       6.2934664   3.2960658e-14   3.2904715e-14
       6.2995173   3.4409621e-14   3.4353823e-14
       6.3055681   3.5665118e-14   3.5609424e-14
       6.3116190   3.6712561e-14   3.6656935e-14
       6.3176698   3.7548884e-14   3.7493291e-14
       6.3237207   3.8173028e-14   3.8117438e-14
       6.3297716   3.8585634e-14   3.8530023e-14
       6.3358224   3.8788605e-14   3.8732943e-14
       6.3418733   3.8784437e-14   3.8728710e-14
       6.3479241   3.8576146e-14   3.8520339e-14
       6.3539750   3.8168248e-14   3.8112352e-14
       6.3600258   3.7579380e-14   3.7523389e-14
       6.3660767   3.6836745e-14   3.6780660e-14
       6.3721275   3.5965751e-14   3.5909574e-14
       6.3781784   3.4989834e-14   3.4933572e-14
       6.3842292   3.3930124e-14   3.3873787e-14
       6.3902801   3.2805060e-14   3.2748658e-14
       6.3963309   3.1631012e-14   3.1574560e-14
       6.4023818   3.0421724e-14   3.0365235e-14
       6.4084327   2.9191161e-14   2.9134650e-14
       6.4144835   2.7953227e-14   2.7896709e-14
       6.4205344   2.6719973e-14   2.6663463e-14
       6.4265852   2.5500868e-14   2.5444380e-14
       6.4326361   2.4303733e-14   2.4247282e-14
       6.4386869   2.3134648e-14   2.3078248e-14
       6.4447378   2.1997924e-14   2.1941588e-14
       6.4507886   2.0896941e-14   2.0840680e-14
       6.4568395   1.9833864e-14   1.9777691e-14
       6.4628903   1.8810940e-14   1.8754865e-14
       6.4689412   1.7829382e-14   1.7773414e-14
       6.4749921   1.6889959e-14   1.6834107e-14
       6.4810429   1.5992864e-14   1.5937136e-14
       6.4870938   1.5137634e-14   1.5082038e-14
       6.4931446   1.4323702e-14   1.4268244e-14
       6.4991955   1.3549949e-14   1.3494636e-14
       6.5052463   1.2815298e-14   1.2760135e-14
       6.5112972   1.2118352e-14   1.2063343e-14
       6.5173480   1.1457861e-14   1.1403010e-14
       6.5233989   1.0832291e-14   1.0777603e-14
       6.5294497   1.0240223e-14   1.0185700e-14
       6.5355006   9.6802021e-15   9.6258472e-15
       6.5415514   9.1506389e-15   9.0964546e-15
       6.5476023   8.6501246e-15   8.5961128e-15
       6.5536532   8.1771100e-15   8.1232726e-15
       6.5597040   7.7302528e-15   7.6765910e-15
       6.5657549   7.3081251e-15   7.2546402e-15
       6.5718057   6.9094502e-15   6.8561430e-15
       6.5778566   6.5329909e-15   6.4798620e-15
       6.5839074   6.1774707e-15   6.1245208e-15
       6.5899583   5.8417769e-15   5.7890062e-15
       6.5960091   5.5247350e-15   5.4721437e-15
       6.6020600   5.2253238e-15   5.1729119e-15
