ORIGINAL FILENAME:
Qkl_131_chianti.ioneq_sun_coronal_1992_feldman_ext.abund.AIA-lastoptimizedWL-photons-Abund-1e-3-ALL-withCONTINUUM_Ne1E08_C71.extended.interpolated.out
Files used for ioneq and abundance:
chianti.ioneq
sun_coronal_1992_feldman_ext.abund
Ne, logEM:
  1.00000e+08      16.0000
Instr-fwhm, NTemp, w1, w2, w-bin, Nlambda
   0.00100000     535      85     100   0.00100000      15001.0
Renorm. Const for PHI:
     0.623323
       logTe[K]     Integral(d_lambda*Emissivity(lambda)*phi_peak1(lambda))/N_e^2    Sum/N_e^2
       5.0000000   2.2873556e-18      0.00000
       5.0043090   2.3925095e-18      0.00000
       5.0086181   2.4976634e-18      0.00000
       5.0129271   2.6028173e-18      0.00000
       5.0172362   2.7079712e-18      0.00000
       5.0215452   2.8131251e-18      0.00000
       5.0258543   2.9243552e-18      0.00000
       5.0301633   3.0395339e-18      0.00000
       5.0344724   3.1547125e-18      0.00000
       5.0387814   3.2698912e-18      0.00000
       5.0430904   3.3850698e-18      0.00000
       5.0473995   3.5021804e-18      0.00000
       5.0517085   3.6264666e-18      0.00000
       5.0560176   3.7507528e-18      0.00000
       5.0603266   3.8750389e-18      0.00000
       5.0646357   3.9993251e-18      0.00000
       5.0689447   4.1236112e-18      0.00000
       5.0732538   4.2543722e-18      0.00000
       5.0775628   4.3865724e-18      0.00000
       5.0818719   4.5187727e-18      0.00000
       5.0861809   4.6509729e-18      0.00000
       5.0904899   4.7831731e-18      0.00000
       5.0947990   4.9183816e-18      0.00000
       5.0991080   5.0576722e-18      0.00000
       5.1034171   5.1969629e-18      0.00000
       5.1077261   5.3362536e-18      0.00000
       5.1120352   5.4755443e-18      0.00000
       5.1163442   5.6150441e-18      0.00000
       5.1206533   5.7612461e-18      0.00000
       5.1249623   5.9074481e-18      0.00000
       5.1292713   6.0536500e-18      0.00000
       5.1335804   6.1998520e-18      0.00000
       5.1378894   6.3460540e-18      0.00000
       5.1421985   6.4974566e-18      0.00000
       5.1465075   6.6518309e-18      0.00000
       5.1508166   6.8062052e-18      0.00000
       5.1551256   6.9605794e-18      0.00000
       5.1594347   7.1149537e-18      0.00000
       5.1637437   7.2723718e-18      0.00000
       5.1680528   7.4393036e-18      0.00000
       5.1723618   7.6062353e-18      0.00000
       5.1766708   7.7731671e-18      0.00000
       5.1809799   7.9400989e-18      0.00000
       5.1852889   8.1070307e-18      0.00000
       5.1895980   8.2940338e-18      0.00000
       5.1939070   8.4846202e-18      0.00000
       5.1982161   8.6752067e-18      0.00000
       5.2025251   8.8657932e-18      0.00000
       5.2068342   9.0563796e-18      0.00000
       5.2111432   9.2693783e-18      0.00000
       5.2154522   9.5092743e-18      0.00000
       5.2197613   9.7491703e-18      0.00000
       5.2240703   9.9890663e-18      0.00000
       5.2283794   1.0228962e-17      0.00000
       5.2326884   1.0475253e-17      0.00000
       5.2369975   1.0820594e-17      0.00000
       5.2413065   1.1165936e-17      0.00000
       5.2456156   1.1511278e-17      0.00000
       5.2499246   1.1856619e-17      0.00000
       5.2542337   1.2201961e-17      0.00000
       5.2585427   1.2694819e-17      0.00000
       5.2628517   1.3261439e-17      0.00000
       5.2671608   1.3828060e-17      0.00000
       5.2714698   1.4394681e-17      0.00000
       5.2757789   1.4961301e-17      0.00000
       5.2800879   1.5651274e-17      0.00000
       5.2843970   1.6670114e-17      0.00000
       5.2887060   1.7688954e-17      0.00000
       5.2930151   1.8707794e-17      0.00000
       5.2973241   1.9726634e-17      0.00000
       5.3016331   2.0745474e-17      0.00000
       5.3059422   2.2531981e-17      0.00000
       5.3102512   2.4424382e-17      0.00000
       5.3145603   2.6316783e-17      0.00000
       5.3188693   2.8209184e-17      0.00000
       5.3231784   3.0101585e-17      0.00000
       5.3274874   3.2771752e-17      0.00000
       5.3317965   3.6268131e-17      0.00000
       5.3361055   3.9764509e-17      0.00000
       5.3404145   4.3260888e-17      0.00000
       5.3447236   4.6757267e-17      0.00000
       5.3490326   5.0499895e-17      0.00000
       5.3533417   5.6705083e-17      0.00000
       5.3576507   6.2910271e-17      0.00000
       5.3619598   6.9115459e-17      0.00000
       5.3662688   7.5320648e-17      0.00000
       5.3705779   8.1525836e-17      0.00000
       5.3748869   9.0677525e-17      0.00000
       5.3791960   1.0110996e-16      0.00000
       5.3835050   1.1154239e-16      0.00000
       5.3878140   1.2197483e-16      0.00000
       5.3921231   1.3240726e-16      0.00000
       5.3964321   1.4460514e-16      0.00000
       5.4007412   1.6086348e-16      0.00000
       5.4050502   1.7712182e-16      0.00000
       5.4093593   1.9338015e-16      0.00000
       5.4136683   2.0963849e-16      0.00000
       5.4179774   2.2589682e-16      0.00000
       5.4222864   2.4872363e-16      0.00000
       5.4265954   2.7220766e-16      0.00000
       5.4309045   2.9569169e-16      0.00000
       5.4352135   3.1917571e-16      0.00000
       5.4395226   3.4265974e-16      0.00000
       5.4438316   3.7007042e-16      0.00000
       5.4481407   4.0117660e-16      0.00000
       5.4524497   4.3228278e-16      0.00000
       5.4567588   4.6338896e-16      0.00000
       5.4610678   4.9449514e-16      0.00000
       5.4653769   5.2648384e-16      0.00000
       5.4696859   5.6487325e-16      0.00000
       5.4739949   6.0326266e-16      0.00000
       5.4783040   6.4165207e-16      0.00000
       5.4826130   6.8004149e-16      0.00000
       5.4869221   7.1843090e-16      0.00000
       5.4912311   7.6141317e-16      0.00000
       5.4955402   8.0611761e-16      0.00000
       5.4998492   8.5082205e-16      0.00000
       5.5041583   8.9552649e-16      0.00000
       5.5084673   9.4023093e-16      0.00000
       5.5127763   9.8657670e-16      0.00000
       5.5170854   1.0362056e-15      0.00000
       5.5213944   1.0858345e-15      0.00000
       5.5257035   1.1354635e-15      0.00000
       5.5300125   1.1850924e-15      0.00000
       5.5343216   1.2347213e-15      0.00000
       5.5386306   1.2878818e-15      0.00000
       5.5429397   1.3412701e-15      0.00000
       5.5472487   1.3946584e-15      0.00000
       5.5515578   1.4480466e-15      0.00000
       5.5558668   1.5014349e-15      0.00000
       5.5601758   1.5558946e-15      0.00000
       5.5644849   1.6112473e-15      0.00000
       5.5687939   1.6666000e-15      0.00000
       5.5731030   1.7219527e-15      0.00000
       5.5774120   1.7773054e-15      0.00000
       5.5817211   1.8327136e-15      0.00000
       5.5860301   1.8884327e-15      0.00000
       5.5903392   1.9441518e-15      0.00000
       5.5946482   1.9998708e-15      0.00000
       5.5989572   2.0555899e-15      0.00000
       5.6032663   2.1113090e-15      0.00000
       5.6075753   2.1655905e-15      0.00000
       5.6118844   2.2194119e-15      0.00000
       5.6161934   2.2732334e-15      0.00000
       5.6205025   2.3270548e-15      0.00000
       5.6248115   2.3808762e-15      0.00000
       5.6291206   2.4333070e-15      0.00000
       5.6334296   2.4833046e-15      0.00000
       5.6377387   2.5333021e-15      0.00000
       5.6420477   2.5832997e-15      0.00000
       5.6463567   2.6332972e-15      0.00000
       5.6506658   2.6832948e-15      0.00000
       5.6549748   2.7270711e-15      0.00000
       5.6592839   2.7706529e-15      0.00000
       5.6635929   2.8142347e-15      0.00000
       5.6679020   2.8578164e-15      0.00000
       5.6722110   2.9013982e-15      0.00000
       5.6765201   2.9401855e-15      0.00000
       5.6808291   2.9754406e-15      0.00000
       5.6851381   3.0106957e-15      0.00000
       5.6894472   3.0459509e-15      0.00000
       5.6937562   3.0812060e-15      0.00000
       5.6980653   3.1101765e-15      0.00000
       5.7023743   3.1384984e-15      0.00000
       5.7066834   3.1650499e-15      0.00000
       5.7109924   3.1896233e-15      0.00000
       5.7153015   3.2122146e-15      0.00000
       5.7196105   3.2326259e-15      0.00000
       5.7239195   3.2504814e-15      0.00000
       5.7282286   3.2662866e-15      0.00000
       5.7325376   3.2800105e-15      0.00000
       5.7368467   3.2916186e-15      0.00000
       5.7411557   3.3006693e-15      0.00000
       5.7454648   3.3070675e-15      0.00000
       5.7497738   3.3111526e-15      0.00000
       5.7540829   3.3129132e-15      0.00000
       5.7583919   3.3123634e-15      0.00000
       5.7627010   3.3090141e-15      0.00000
       5.7670100   3.3033361e-15      0.00000
       5.7713190   3.2955878e-15      0.00000
       5.7756281   3.2858079e-15      0.00000
       5.7799371   3.2740300e-15      0.00000
       5.7842462   3.2595995e-15      0.00000
       5.7885552   3.2432011e-15      0.00000
       5.7928643   3.2248566e-15      0.00000
       5.7971733   3.2045619e-15      0.00000
       5.8014824   3.1821607e-15      0.00000
       5.8057914   3.1572885e-15      0.00000
       5.8101004   3.1306228e-15      0.00000
       5.8144095   3.1022423e-15      0.00000
       5.8187185   3.0722210e-15      0.00000
       5.8230276   3.0403909e-15      0.00000
       5.8273366   3.0067722e-15      0.00000
       5.8316457   2.9717210e-15      0.00000
       5.8359547   2.9352672e-15      0.00000
       5.8402638   2.8974341e-15      0.00000
       5.8445728   2.8579117e-15      0.00000
       5.8488819   2.8168882e-15      0.00000
       5.8531909   2.7745529e-15      0.00000
       5.8574999   2.7309698e-15      0.00000
       5.8618090   2.6862255e-15      0.00000
       5.8661180   2.6401222e-15      0.00000
       5.8704271   2.5930766e-15      0.00000
       5.8747361   2.5451846e-15      0.00000
       5.8790452   2.4965048e-15      0.00000
       5.8833542   2.4470542e-15      0.00000
       5.8876633   2.3967353e-15      0.00000
       5.8919723   2.3458034e-15      0.00000
       5.8962813   2.2942864e-15      0.00000
       5.9005904   2.2422140e-15      0.00000
       5.9048994   2.1895569e-15      0.00000
       5.9092085   2.1364396e-15      0.00000
       5.9135175   2.0830663e-15      0.00000
       5.9178266   2.0295161e-15      0.00000
       5.9221356   1.9758628e-15      0.00000
       5.9264447   1.9221926e-15      0.00000
       5.9307537   1.8685898e-15      0.00000
       5.9350628   1.8151070e-15      0.00000
       5.9393718   1.7617831e-15      0.00000
       5.9436808   1.7086503e-15      0.00000
       5.9479899   1.6558221e-15      0.00000
       5.9522989   1.6032863e-15      0.00000
       5.9566080   1.5511132e-15      0.00000
       5.9609170   1.4993843e-15      0.00000
       5.9652261   1.4482068e-15      0.00000
       5.9695351   1.3978967e-15      0.00000
       5.9738442   1.3483141e-15      0.00000
       5.9781532   1.2995041e-15      0.00000
       5.9824622   1.2515061e-15      0.00000
       5.9867713   1.2044584e-15      0.00000
       5.9910803   1.1585075e-15      0.00000
       5.9953894   1.1134572e-15      0.00000
       5.9996984   1.0693058e-15      0.00000
       6.0040075   1.0260655e-15      0.00000
       6.0083165   9.8402835e-16      0.00000
       6.0126256   9.4321221e-16      0.00000
       6.0169346   9.0349379e-16      0.00000
       6.0212436   8.6489810e-16      0.00000
       6.0255527   8.2744426e-16      0.00000
       6.0298617   7.9148320e-16      0.00000
       6.0341708   7.5675298e-16      0.00000
       6.0384798   7.2316634e-16      0.00000
       6.0427889   6.9071156e-16      0.00000
       6.0470979   6.5938654e-16      0.00000
       6.0514070   6.2952067e-16      0.00000
       6.0557160   6.0073309e-16      0.00000
       6.0600251   5.7303465e-16      0.00000
       6.0643341   5.4643154e-16      0.00000
       6.0686431   5.2103221e-16      0.00000
       6.0729522   4.9699468e-16      0.00000
       6.0772612   4.7400957e-16      0.00000
       6.0815703   4.5205267e-16      0.00000
       6.0858793   4.3109771e-16      0.00000
       6.0901884   4.1128374e-16      0.00000
       6.0944974   3.9254144e-16      0.00000
       6.0988065   3.7466334e-16      0.00000
       6.1031155   3.5761934e-16      0.00000
       6.1074245   3.4138452e-16      0.00000
       6.1117336   3.2615746e-16      0.00000
       6.1160426   3.1176295e-16      0.00000
       6.1203517   2.9810514e-16      0.00000
       6.1246607   2.8515907e-16      0.00000
       6.1289698   2.7289771e-16      0.00000
       6.1332788   2.6150325e-16      0.00000
       6.1375879   2.5070130e-16      0.00000
       6.1418969   2.4045747e-16      0.00000
       6.1462060   2.3074037e-16      0.00000
       6.1505150   2.2155244e-16      0.00000
       6.1548240   2.1294045e-16      0.00000
       6.1591331   2.0475754e-16      0.00000
       6.1634421   1.9698947e-16      0.00000
       6.1677512   1.8962114e-16      0.00000
       6.1720602   1.8269419e-16      0.00000
       6.1763693   1.7618770e-16      0.00000
       6.1806783   1.7000822e-16      0.00000
       6.1849874   1.6413703e-16      0.00000
       6.1892964   1.5855546e-16      0.00000
       6.1936054   1.5330340e-16      0.00000
       6.1979145   1.4831246e-16      0.00000
       6.2022235   1.4353809e-16      0.00000
       6.2065326   1.3897069e-16      0.00000
       6.2108416   1.3460465e-16      0.00000
       6.2151507   1.3049789e-16      0.00000
       6.2194597   1.2658045e-16      0.00000
       6.2237688   1.2283968e-16      0.00000
       6.2280778   1.1926783e-16      0.00000
       6.2323869   1.1586532e-16      0.00000
       6.2366959   1.1265344e-16      0.00000
       6.2410049   1.0957369e-16      0.00000
       6.2453140   1.0661687e-16      0.00000
       6.2496230   1.0377397e-16      0.00000
       6.2539321   1.0104918e-16      0.00000
       6.2582411   9.8448192e-17      0.00000
       6.2625502   9.5949805e-17      0.00000
       6.2668592   9.3553245e-17      0.00000
       6.2711683   9.1256970e-17      0.00000
       6.2754773   8.9079497e-17      0.00000
       6.2797863   8.7004602e-17      0.00000
       6.2840954   8.5014680e-17      0.00000
       6.2884044   8.3104665e-17      0.00000
       6.2927135   8.1269271e-17      0.00000
       6.2970225   7.9520877e-17      0.00000
       6.3013316   7.7832682e-17      0.00000
       6.3056406   7.6200748e-17      0.00000
       6.3099497   7.4624937e-17      0.00000
       6.3142587   7.3108391e-17      0.00000
       6.3185678   7.1666760e-17      0.00000
       6.3228768   7.0279964e-17      0.00000
       6.3271858   6.8946241e-17      0.00000
       6.3314949   6.7663654e-17      0.00000
       6.3358039   6.6435579e-17      0.00000
       6.3401130   6.5262714e-17      0.00000
       6.3444220   6.4131120e-17      0.00000
       6.3487311   6.3038143e-17      0.00000
       6.3530401   6.1981463e-17      0.00000
       6.3573492   6.0966870e-17      0.00000
       6.3616582   5.9992481e-17      0.00000
       6.3659672   5.9052632e-17      0.00000
       6.3702763   5.8146834e-17      0.00000
       6.3745853   5.7274455e-17      0.00000
       6.3788944   5.6443764e-17      0.00000
       6.3832034   5.5645724e-17      0.00000
       6.3875125   5.4876994e-17      0.00000
       6.3918215   5.4136339e-17      0.00000
       6.3961306   5.3422937e-17      0.00000
       6.4004396   5.2742601e-17      0.00000
       6.4047486   5.2085301e-17      0.00000
       6.4090577   5.1450575e-17      0.00000
       6.4133667   5.0837921e-17      0.00000
       6.4176758   5.0248908e-17      0.00000
       6.4219848   4.9685412e-17      0.00000
       6.4262939   4.9141026e-17      0.00000
       6.4306029   4.8614831e-17      0.00000
       6.4349120   4.8105882e-17      0.00000
       6.4392210   4.7615912e-17      0.00000
       6.4435301   4.7142685e-17      0.00000
       6.4478391   4.6682420e-17      0.00000
       6.4521481   4.6234099e-17      0.00000
       6.4564572   4.5796781e-17      0.00000
       6.4607662   4.5372607e-17      0.00000
       6.4650753   4.4958862e-17      0.00000
       6.4693843   4.4554148e-17      0.00000
       6.4736934   4.4157958e-17      0.00000
       6.4780024   4.3769775e-17      0.00000
       6.4823115   4.3391330e-17      0.00000
       6.4866205   4.3019189e-17      0.00000
       6.4909295   4.2652769e-17      0.00000
       6.4952386   4.2291490e-17      0.00000
       6.4995476   4.1935066e-17      0.00000
       6.5038567   4.1583397e-17      0.00000
       6.5081657   4.1235243e-17      0.00000
       6.5124748   4.0890588e-17      0.00000
       6.5167838   4.0549422e-17      0.00000
       6.5210929   4.0212274e-17      0.00000
       6.5254019   3.9879115e-17      0.00000
       6.5297110   3.9549190e-17      0.00000
       6.5340200   3.9222402e-17      0.00000
       6.5383290   3.8898649e-17      0.00000
       6.5426381   3.8578491e-17      0.00000
       6.5469471   3.8261260e-17      0.00000
       6.5512562   3.7946609e-17      0.00000
       6.5555652   3.7634625e-17      0.00000
       6.5598743   3.7325494e-17      0.00000
       6.5641833   3.7020891e-17      0.00000
       6.5684924   3.6720205e-17      0.00000
       6.5728014   3.6423626e-17      0.00000
       6.5771104   3.6131382e-17      0.00000
       6.5814195   3.5843958e-17      0.00000
       6.5857285   3.5562888e-17      0.00000
       6.5900376   3.5286949e-17      0.00000
       6.5943466   3.5016301e-17      0.00000
       6.5986557   3.4751105e-17      0.00000
       6.6029647   3.4492405e-17      0.00000
       6.6072738   3.4241273e-17      0.00000
       6.6115828   3.3997034e-17      0.00000
       6.6158919   3.3760147e-17      0.00000
       6.6202009   3.3531055e-17      0.00000
       6.6245099   3.3312305e-17      0.00000
       6.6288190   3.3103715e-17      0.00000
       6.6331280   3.2904617e-17      0.00000
       6.6374371   3.2715410e-17      0.00000
       6.6417461   3.2536500e-17      0.00000
       6.6460552   3.2372000e-17      0.00000
       6.6503642   3.2219603e-17      0.00000
       6.6546733   3.2079520e-17      0.00000
       6.6589823   3.1952492e-17      0.00000
       6.6632913   3.1840010e-17      0.00000
       6.6676004   3.1747720e-17      0.00000
       6.6719094   3.1672111e-17      0.00000
       6.6762185   3.1614145e-17      0.00000
       6.6805275   3.1574823e-17      0.00000
       6.6848366   3.1557973e-17      0.00000
       6.6891456   3.1567907e-17      0.00000
       6.6934547   3.1601297e-17      0.00000
       6.6977637   3.1659527e-17      0.00000
       6.7020727   3.1744071e-17      0.00000
       6.7063818   3.1863323e-17      0.00000
       6.7106908   3.2019239e-17      0.00000
       6.7149999   3.2210033e-17      0.00000
       6.7193089   3.2438293e-17      0.00000
       6.7236180   3.2706739e-17      0.00000
       6.7279270   3.3033001e-17      0.00000
       6.7322361   3.3412048e-17      0.00000
       6.7365451   3.3844815e-17      0.00000
       6.7408542   3.4335163e-17      0.00000
       6.7451632   3.4888717e-17      0.00000
       6.7494722   3.5534262e-17      0.00000
       6.7537813   3.6256203e-17      0.00000
       6.7580903   3.7060442e-17      0.00000
       6.7623994   3.7953263e-17      0.00000
       6.7667084   3.8953180e-17      0.00000
       6.7710175   4.0088804e-17      0.00000
       6.7753265   4.1344181e-17      0.00000
       6.7796356   4.2728110e-17      0.00000
       6.7839446   4.4249740e-17      0.00000
       6.7882536   4.5950762e-17      0.00000
       6.7925627   4.7846133e-17      0.00000
       6.7968717   4.9921537e-17      0.00000
       6.8011808   5.2188295e-17      0.00000
       6.8054898   5.4658159e-17      0.00000
       6.8097989   5.7412910e-17      0.00000
       6.8141079   6.0434286e-17      0.00000
       6.8184170   6.3719858e-17      0.00000
       6.8227260   6.7286302e-17      0.00000
       6.8270351   7.1151897e-17      0.00000
       6.8313441   7.5459155e-17      0.00000
       6.8356531   8.0119485e-17      0.00000
       6.8399622   8.5150695e-17      0.00000
       6.8442712   9.0570195e-17      0.00000
       6.8485803   9.6433457e-17      0.00000
       6.8528893   1.0284865e-16      0.00000
       6.8571984   1.0972520e-16      0.00000
       6.8615074   1.1708441e-16      0.00000
       6.8658165   1.2494787e-16      0.00000
       6.8701255   1.3343489e-16      0.00000
       6.8744345   1.4259119e-16      0.00000
       6.8787436   1.5233510e-16      0.00000
       6.8830526   1.6268337e-16      0.00000
       6.8873617   1.7365156e-16      0.00000
       6.8916707   1.8542174e-16      0.00000
       6.8959798   1.9790631e-16      0.00000
       6.9002888   2.1103933e-16      0.00000
       6.9045979   2.2482378e-16      0.00000
       6.9089069   2.3926408e-16      0.00000
       6.9132160   2.5460287e-16      0.00000
       6.9175250   2.7062747e-16      0.00000
       6.9218340   2.8732325e-16      0.00000
       6.9261431   3.0468536e-16      0.00000
       6.9304521   3.2275065e-16      0.00000
       6.9347612   3.4162568e-16      0.00000
       6.9390702   3.6108431e-16      0.00000
       6.9433793   3.8108514e-16      0.00000
       6.9476883   4.0158025e-16      0.00000
       6.9519974   4.2256264e-16      0.00000
       6.9563064   4.4395739e-16      0.00000
       6.9606154   4.6564419e-16      0.00000
       6.9649245   4.8758055e-16      0.00000
       6.9692335   5.0972039e-16      0.00000
       6.9735426   5.3202032e-16      0.00000
       6.9778516   5.5435039e-16      0.00000
       6.9821607   5.7661396e-16      0.00000
       6.9864697   5.9872377e-16      0.00000
       6.9907788   6.2058621e-16      0.00000
       6.9950878   6.4190442e-16      0.00000
       6.9993969   6.6259411e-16      0.00000
       7.0037059   6.8256007e-16      0.00000
       7.0080149   7.0171760e-16      0.00000
       7.0123240   7.1996334e-16      0.00000
       7.0166330   7.3694342e-16      0.00000
       7.0209421   7.5286502e-16      0.00000
       7.0252511   7.6765867e-16      0.00000
       7.0295602   7.8125276e-16      0.00000
       7.0338692   7.9338547e-16      0.00000
       7.0381783   8.0377240e-16      0.00000
       7.0424873   8.1261871e-16      0.00000
       7.0467963   8.1983113e-16      0.00000
       7.0511054   8.2532204e-16      0.00000
       7.0554144   8.2860797e-16      0.00000
       7.0597235   8.2987374e-16      0.00000
       7.0640325   8.2942463e-16      0.00000
       7.0683416   8.2730202e-16      0.00000
       7.0726506   8.2354624e-16      0.00000
       7.0769597   8.1773454e-16      0.00000
       7.0812687   8.1031332e-16      0.00000
       7.0855777   8.0140512e-16      0.00000
       7.0898868   7.9104049e-16      0.00000
       7.0941958   7.7921000e-16      0.00000
       7.0985049   7.6553181e-16      0.00000
       7.1028139   7.5053490e-16      0.00000
       7.1071230   7.3434031e-16      0.00000
       7.1114320   7.1707704e-16      0.00000
       7.1157411   6.9880302e-16      0.00000
       7.1200501   6.7963304e-16      0.00000
       7.1243592   6.5989461e-16      0.00000
       7.1286682   6.3968371e-16      0.00000
       7.1329772   6.1909052e-16      0.00000
       7.1372863   5.9816582e-16      0.00000
       7.1415953   5.7704484e-16      0.00000
       7.1459044   5.5582816e-16      0.00000
       7.1502134   5.3457098e-16      0.00000
       7.1545225   5.1333053e-16      0.00000
       7.1588315   4.9226257e-16      0.00000
       7.1631406   4.7147832e-16      0.00000
       7.1674496   4.5103006e-16      0.00000
       7.1717586   4.3097308e-16      0.00000
       7.1760677   4.1135889e-16      0.00000
       7.1803767   3.9235083e-16      0.00000
       7.1846858   3.7391498e-16      0.00000
       7.1889948   3.5607629e-16      0.00000
       7.1933039   3.3887656e-16      0.00000
       7.1976129   3.2229748e-16      0.00000
       7.2019220   3.0633073e-16      0.00000
       7.2062310   2.9099691e-16      0.00000
       7.2105401   2.7630176e-16      0.00000
       7.2148491   2.6226246e-16      0.00000
       7.2191581   2.4886066e-16      0.00000
       7.2234672   2.3609796e-16      0.00000
       7.2277762   2.2396142e-16      0.00000
       7.2320853   2.1243071e-16      0.00000
       7.2363943   2.0151126e-16      0.00000
       7.2407034   1.9115017e-16      0.00000
       7.2450124   1.8132918e-16      0.00000
       7.2493215   1.7204188e-16      0.00000
       7.2536305   1.6325429e-16      0.00000
       7.2579395   1.5495378e-16      0.00000
       7.2622486   1.4711621e-16      0.00000
       7.2665576   1.3971933e-16      0.00000
       7.2708667   1.3274766e-16      0.00000
       7.2751757   1.2617915e-16      0.00000
       7.2794848   1.1999498e-16      0.00000
       7.2837938   1.1415890e-16      0.00000
       7.2881029   1.0867314e-16      0.00000
       7.2924119   1.0350422e-16      0.00000
       7.2967210   9.8638790e-17      0.00000
       7.3010300   9.4057938e-17      0.00000
