Files used for ioneq and abundance:
chianti.ioneq
sun_coronal_1992_feldman_ext_Cancel-O-Mg-Si.abund
Ne, logEM:
   1.0000000e+08       16.000000
Instr-fwhm, NTemp, w1, w2, w-bin, Nlambda
   0.00100000     200      169.320      450.000   0.00100000      280681.
Renorm. Const for PHI:
      0.13240762
       logTe[K]  ,  Integral(d_lambda*Emissivity(lambda)*phi_peak1(lambda))/N_e^2    Sum/N_e^2
       5.3979400   2.1014625e-16   1.3957439e-16
       5.4039909   2.1999476e-16   1.4964432e-16
       5.4100417   2.3051757e-16   1.6038681e-16
       5.4160926   2.4182428e-16   1.7191082e-16
       5.4221434   2.5404451e-16   1.8434561e-16
       5.4281943   2.6732113e-16   1.9783353e-16
       5.4342451   2.8181775e-16   2.1253772e-16
       5.4402960   2.9770983e-16   2.2863310e-16
       5.4463468   3.1518433e-16   2.4630608e-16
       5.4523977   3.3443948e-16   2.6575443e-16
       5.4584486   3.5571615e-16   2.8721835e-16
       5.4644994   3.7934381e-16   3.1102662e-16
       5.4705503   4.0568327e-16   3.3753920e-16
       5.4766011   4.3513710e-16   3.6715782e-16
       5.4826520   4.6813283e-16   4.0030909e-16
       5.4887028   5.0512317e-16   4.3744477e-16
       5.4947537   5.4658700e-16   4.7904284e-16
       5.5008045   5.9299278e-16   5.2557079e-16
       5.5068554   6.4486100e-16   5.7754822e-16
       5.5129062   7.0284642e-16   6.3562871e-16
       5.5189571   7.6769011e-16   7.0055205e-16
       5.5250079   8.4015915e-16   7.7308400e-16
       5.5310588   9.2107986e-16   8.5404949e-16
       5.5371097   1.0112888e-15   9.4428370e-16
       5.5431605   1.1116302e-15   1.0446295e-15
       5.5492114   1.2229598e-15   1.1559414e-15
       5.5552622   1.3460972e-15   1.2790378e-15
       5.5613131   1.4821032e-15   1.4149781e-15
       5.5673639   1.6321207e-15   1.5649034e-15
       5.5734148   1.7973806e-15   1.7300430e-15
       5.5794656   1.9791058e-15   1.9116182e-15
       5.5855165   2.1785225e-15   2.1108537e-15
       5.5915673   2.3968846e-15   2.3290018e-15
       5.5976182   2.6353240e-15   2.5671935e-15
       5.6036691   2.8949609e-15   2.8265510e-15
       5.6097199   3.1770585e-15   3.1083342e-15
       5.6157708   3.4832032e-15   3.4141271e-15
       5.6218216   3.8149058e-15   3.7454391e-15
       5.6278725   4.1737654e-15   4.1038679e-15
       5.6339233   4.5612559e-15   4.4908865e-15
       5.6399742   4.9787451e-15   4.9078619e-15
       5.6460250   5.4275488e-15   5.3561097e-15
       5.6520759   5.9086281e-15   5.8365912e-15
       5.6581267   6.4232195e-15   6.3505430e-15
       5.6641776   6.9728716e-15   6.8995136e-15
       5.6702284   7.5592839e-15   7.4852021e-15
       5.6762793   8.1838611e-15   8.1090135e-15
       5.6823302   8.8480226e-15   8.7723680e-15
       5.6883810   9.5527896e-15   9.4762879e-15
       5.6944319   1.0298825e-14   1.0221438e-14
       5.7004827   1.1086511e-14   1.1008205e-14
       5.7065336   1.1915870e-14   1.1836612e-14
       5.7125844   1.2788171e-14   1.2707932e-14
       5.7186353   1.3704492e-14   1.3623243e-14
       5.7246861   1.4665940e-14   1.4583656e-14
       5.7307370   1.5673066e-14   1.5589724e-14
       5.7367878   1.6725954e-14   1.6641535e-14
       5.7428387   1.7824362e-14   1.7738854e-14
       5.7488896   1.8966977e-14   1.8880371e-14
       5.7549404   2.0152261e-14   2.0064557e-14
       5.7609913   2.1379902e-14   2.1291103e-14
       5.7670421   2.2650576e-14   2.2560690e-14
       5.7730930   2.3964160e-14   2.3873198e-14
       5.7791438   2.5320417e-14   2.5228395e-14
       5.7851947   2.6718119e-14   2.6625060e-14
       5.7912455   2.8155185e-14   2.8061119e-14
       5.7972964   2.9628840e-14   2.9533802e-14
       5.8033472   3.1134750e-14   3.1038791e-14
       5.8093981   3.2670917e-14   3.2574089e-14
       5.8154489   3.4236869e-14   3.4139227e-14
       5.8214998   3.5832101e-14   3.5733704e-14
       5.8275507   3.7454992e-14   3.7355901e-14
       5.8336015   3.9102955e-14   3.9003239e-14
       5.8396524   4.0772634e-14   4.0672366e-14
       5.8457032   4.2458742e-14   4.2358001e-14
       5.8517541   4.4154885e-14   4.4053757e-14
       5.8578049   4.5855426e-14   4.5754002e-14
       5.8638558   4.7559477e-14   4.7457849e-14
       5.8699066   4.9265218e-14   4.9163478e-14
       5.8759575   5.0970243e-14   5.0868482e-14
       5.8820083   5.2670396e-14   5.2568707e-14
       5.8880592   5.4359907e-14   5.4258384e-14
       5.8941101   5.6031522e-14   5.5930269e-14
       5.9001609   5.7675300e-14   5.7574411e-14
       5.9062118   5.9281765e-14   5.9181341e-14
       5.9122626   6.0847891e-14   6.0748028e-14
       5.9183135   6.2371816e-14   6.2272597e-14
       5.9243643   6.3849625e-14   6.3751142e-14
       5.9304152   6.5276119e-14   6.5178454e-14
       5.9364660   6.6643730e-14   6.6546963e-14
       5.9425169   6.7942637e-14   6.7846846e-14
       5.9485677   6.9160797e-14   6.9066056e-14
       5.9546186   7.0284403e-14   7.0190786e-14
       5.9606694   7.1309091e-14   7.1216664e-14
       5.9667203   7.2234017e-14   7.2142836e-14
       5.9727712   7.3056749e-14   7.2966865e-14
       5.9788220   7.3772535e-14   7.3683991e-14
       5.9848729   7.4374393e-14   7.4287227e-14
       5.9909237   7.4853080e-14   7.4767328e-14
       5.9969746   7.5196665e-14   7.5112360e-14
       6.0030254   7.5391168e-14   7.5308433e-14
       6.0090763   7.5432127e-14   7.5350900e-14
       6.0151271   7.5324474e-14   7.5244776e-14
       6.0211780   7.5071529e-14   7.4993376e-14
       6.0272288   7.4674327e-14   7.4597735e-14
       6.0332797   7.4131723e-14   7.4056706e-14
       6.0393306   7.3440426e-14   7.3367000e-14
       6.0453814   7.2594872e-14   7.2523058e-14
       6.0514323   7.1587829e-14   7.1517650e-14
       6.0574831   7.0418175e-14   7.0349659e-14
       6.0635340   6.9099388e-14   6.9032565e-14
       6.0695848   6.7643832e-14   6.7578735e-14
       6.0756357   6.6061587e-14   6.5998258e-14
       6.0816865   6.4360386e-14   6.4298869e-14
       6.0877374   6.2545407e-14   6.2485758e-14
       6.0937882   6.0620526e-14   6.0562807e-14
       6.0998391   5.8587497e-14   5.8531777e-14
       6.1058899   5.6451341e-14   5.6397693e-14
       6.1119408   5.4231023e-14   5.4179527e-14
       6.1179917   5.1947108e-14   5.1897845e-14
       6.1240425   4.9615978e-14   4.9569033e-14
       6.1300934   4.7251517e-14   4.7206979e-14
       6.1361442   4.4865023e-14   4.4822976e-14
       6.1421951   4.2465108e-14   4.2425634e-14
       6.1482459   4.0059437e-14   4.0022606e-14
       6.1542968   3.7654797e-14   3.7620664e-14
       6.1603476   3.5268153e-14   3.5236759e-14
       6.1663985   3.2918075e-14   3.2889445e-14
       6.1724493   3.0619780e-14   3.0593923e-14
       6.1785002   2.8384233e-14   2.8361135e-14
       6.1845511   2.6220048e-14   2.6199670e-14
       6.1906019   2.4133496e-14   2.4115768e-14
       6.1966528   2.2128546e-14   2.2113360e-14
       6.2027036   2.0208618e-14   2.0195824e-14
       6.2087545   1.8380175e-14   1.8369587e-14
       6.2148053   1.6652758e-14   1.6644164e-14
       6.2208562   1.5031882e-14   1.5025049e-14
       6.2269070   1.3520441e-14   1.3515109e-14
       6.2329579   1.2118944e-14   1.2114828e-14
       6.2390087   1.0825802e-14   1.0822594e-14
       6.2450596   9.6385562e-15   9.6359227e-15
       6.2511104   8.5534466e-15   8.5510307e-15
       6.2571613   7.5681092e-15   7.5655448e-15
       6.2632122   6.6820658e-15   6.6790079e-15
       6.2692630   5.8930467e-15   5.8891770e-15
       6.2753139   5.1965376e-15   5.1915656e-15
       6.2813647   4.5868879e-15   4.5805508e-15
       6.2874156   4.0576040e-15   4.0496673e-15
       6.2934664   3.6016298e-15   3.5918864e-15
       6.2995173   3.2118947e-15   3.2001658e-15
       6.3055681   2.8815340e-15   2.8676733e-15
       6.3116190   2.6052341e-15   2.5891517e-15
       6.3176698   2.3774038e-15   2.3590642e-15
       6.3237207   2.1921097e-15   2.1715233e-15
       6.3297716   2.0433246e-15   2.0205382e-15
       6.3358224   1.9251188e-15   1.9002072e-15
       6.3418733   1.8318630e-15   1.8049224e-15
       6.3479241   1.7582153e-15   1.7293566e-15
       6.3539750   1.6992596e-15   1.6686045e-15
       6.3600258   1.6510248e-15   1.6187054e-15
       6.3660767   1.6102889e-15   1.5764454e-15
       6.3721275   1.5741451e-15   1.5389204e-15
       6.3781784   1.5400199e-15   1.5035548e-15
       6.3842292   1.5056513e-15   1.4680822e-15
       6.3902801   1.4690716e-15   1.4305275e-15
       6.3963309   1.4286186e-15   1.3892205e-15
       6.4023818   1.3829293e-15   1.3427891e-15
       6.4084327   1.3316370e-15   1.2908572e-15
       6.4144835   1.2754539e-15   1.2341275e-15
       6.4205344   1.2152366e-15   1.1734473e-15
       6.4265852   1.1518352e-15   1.1096579e-15
       6.4326361   1.0860902e-15   1.0435912e-15
       6.4386869   1.0187980e-15   9.7603629e-16
       6.4447378   9.5068307e-16   9.0771032e-16
       6.4507886   8.8243128e-16   8.3929284e-16
       6.4568395   8.1485296e-16   7.7158835e-16
       6.4628903   7.4916558e-16   7.0580899e-16
       6.4689412   6.8634759e-16   6.4292851e-16
       6.4749921   6.2710199e-16   5.8364582e-16
       6.4810429   5.7188214e-16   5.2841073e-16
       6.4870938   5.2092367e-16   4.7745582e-16
       6.4931446   4.7431536e-16   4.3086722e-16
       6.4991955   4.3200371e-16   3.8858917e-16
       6.5052463   3.9386388e-16   3.5049483e-16
       6.5112972   3.5974209e-16   3.1642872e-16
       6.5173480   3.2944735e-16   2.8619835e-16
       6.5233989   3.0272835e-16   2.5955117e-16
       6.5294497   2.7931059e-16   2.3621160e-16
       6.5355006   2.5890295e-16   2.1588761e-16
       6.5415514   2.4120498e-16   1.9827797e-16
       6.5476023   2.2592496e-16   1.8309027e-16
       6.5536532   2.1277450e-16   1.7003560e-16
       6.5597040   2.0149495e-16   1.5885476e-16
       6.5657549   1.9185076e-16   1.4931180e-16
       6.5718057   1.8362703e-16   1.4119146e-16
       6.5778566   1.7662522e-16   1.3429488e-16
       6.5839074   1.7066075e-16   1.2843722e-16
       6.5899583   1.6556516e-16   1.2344978e-16
       6.5960091   1.6118069e-16   1.1917462e-16
       6.6020600   1.5736230e-16   1.1546650e-16
