ORIGINAL FILENAME:
Qkl_171_chianti.ioneq_sun_coronal_1992_feldman_ext.abund.S1a-Filter-photons-Abund-1e-3-ALL-withCONTINUUM_Ne1E08_C710.25-4.00MK.out
Files used for ioneq and abundance:
chianti.ioneq
sun_coronal_1992_feldman_ext.abund
Ne, logEM:
   1.0000000e+08       16.000000
Instr-fwhm, NTemp, w1, w2, w-bin, Nlambda
   0.00100000     200      169.320      450.000   0.00100000      280681.
Renorm. Const for PHI:
      0.13240762
       logTe[K]  ,  Integral(d_lambda*Emissivity(lambda)*phi_peak1(lambda))/N_e^2    Sum/N_e^2
       5.3979400   2.2198913e-15   2.1496263e-15
       5.4039909   2.3267623e-15   2.2567058e-15
       5.4100417   2.4312689e-15   2.3614089e-15
       5.4160926   2.5327408e-15   2.4630652e-15
       5.4221434   2.6303963e-15   2.5608929e-15
       5.4281943   2.7232484e-15   2.6539051e-15
       5.4342451   2.8101473e-15   2.7409524e-15
       5.4402960   2.8897053e-15   2.8206476e-15
       5.4463468   2.9603167e-15   2.8913856e-15
       5.4523977   3.0202020e-15   2.9513880e-15
       5.4584486   3.0687058e-15   3.0000004e-15
       5.4644994   3.1068840e-15   3.0382798e-15
       5.4705503   3.1358903e-15   3.0673807e-15
       5.4766011   3.1568502e-15   3.0884292e-15
       5.4826520   3.1708211e-15   3.1024831e-15
       5.4887028   3.1787812e-15   3.1105205e-15
       5.4947537   3.1816222e-15   3.1134334e-15
       5.5008045   3.1801298e-15   3.1120071e-15
       5.5068554   3.1754681e-15   3.1074055e-15
       5.5129062   3.1699724e-15   3.1019628e-15
       5.5189571   3.1660298e-15   3.0980646e-15
       5.5250079   3.1658622e-15   3.0979312e-15
       5.5310588   3.1715223e-15   3.1036136e-15
       5.5371097   3.1849001e-15   3.1169999e-15
       5.5431605   3.2077206e-15   3.1398131e-15
       5.5492114   3.2415473e-15   3.1736151e-15
       5.5552622   3.2877997e-15   3.2198235e-15
       5.5613131   3.3480154e-15   3.2799739e-15
       5.5673639   3.4237464e-15   3.3556159e-15
       5.5734148   3.5165270e-15   3.4482820e-15
       5.5794656   3.6278295e-15   3.5594422e-15
       5.5855165   3.7590716e-15   3.6905122e-15
       5.5915673   3.9116320e-15   3.8428691e-15
       5.5976182   4.0867492e-15   4.0177496e-15
       5.6036691   4.2855929e-15   4.2163256e-15
       5.6097199   4.5094229e-15   4.4398531e-15
       5.6157708   4.7597590e-15   4.6898494e-15
       5.6218216   5.0380606e-15   4.9677724e-15
       5.6278725   5.3458586e-15   5.2751511e-15
       5.6339233   5.6845715e-15   5.6134033e-15
       5.6399742   6.0555113e-15   5.9838401e-15
       5.6460250   6.4599295e-15   6.3877126e-15
       5.6520759   6.8987383e-15   6.8259330e-15
       5.6581267   7.3730835e-15   7.2996476e-15
       5.6641776   7.8843999e-15   7.8102906e-15
       5.6702284   8.4342718e-15   8.3594461e-15
       5.6762793   9.0240133e-15   8.9484286e-15
       5.6823302   9.6549539e-15   9.5785680e-15
       5.6883810   1.0328042e-14   1.0250815e-14
       5.6944319   1.1043877e-14   1.0965769e-14
       5.7004827   1.1802779e-14   1.1723755e-14
       5.7065336   1.2604710e-14   1.2524738e-14
       5.7125844   1.3450856e-14   1.3369904e-14
       5.7186353   1.4342219e-14   1.4260260e-14
       5.7246861   1.5279838e-14   1.5196845e-14
       5.7307370   1.6264206e-14   1.6180156e-14
       5.7367878   1.7295361e-14   1.7210234e-14
       5.7428387   1.8373014e-14   1.8286797e-14
       5.7488896   1.9495815e-14   1.9408500e-14
       5.7549404   2.0662191e-14   2.0573775e-14
       5.7609913   2.1871780e-14   2.1782267e-14
       5.7670421   2.3125204e-14   2.3034601e-14
       5.7730930   2.4422297e-14   2.4330615e-14
       5.7791438   2.5762782e-14   2.5670037e-14
       5.7851947   2.7145400e-14   2.7051614e-14
       5.7912455   2.8568044e-14   2.8473246e-14
       5.7972964   3.0027912e-14   2.9932138e-14
       5.8033472   3.1520651e-14   3.1423951e-14
       5.8093981   3.3044234e-14   3.2946660e-14
       5.8154489   3.4598155e-14   3.4499761e-14
       5.8214998   3.6181880e-14   3.6082724e-14
       5.8275507   3.7793763e-14   3.7693907e-14
       5.8336015   3.9431197e-14   3.9330709e-14
       5.8396524   4.1090808e-14   4.0989761e-14
       5.8457032   4.2767297e-14   4.2665769e-14
       5.8517541   4.4454255e-14   4.4352333e-14
       5.8578049   4.6146032e-14   4.6043807e-14
       5.8638558   4.7841715e-14   4.7739277e-14
       5.8699066   4.9539461e-14   4.9436902e-14
       5.8759575   5.1236844e-14   5.1134256e-14
       5.8820083   5.2929695e-14   5.2827170e-14
       5.8880592   5.4612233e-14   5.4509865e-14
       5.8941101   5.6277193e-14   5.6175085e-14
       5.9001609   5.7914627e-14   5.7812874e-14
       5.9062118   5.9515051e-14   5.9413752e-14
       5.9122626   6.1075423e-14   6.0974675e-14
       5.9183135   6.2593863e-14   6.2493746e-14
       5.9243643   6.4066441e-14   6.3967050e-14
       5.9304152   6.5487950e-14   6.5389365e-14
       5.9364660   6.6850813e-14   6.6753115e-14
       5.9425169   6.8145202e-14   6.8048467e-14
       5.9485677   6.9359072e-14   6.9263375e-14
       5.9546186   7.0478612e-14   7.0384026e-14
       5.9606694   7.1499442e-14   7.1406031e-14
       5.9667203   7.2420707e-14   7.2328529e-14
       5.9727712   7.3239960e-14   7.3149064e-14
       5.9788220   7.3952440e-14   7.3862868e-14
       5.9848729   7.4551154e-14   7.4462946e-14
       5.9909237   7.5026857e-14   7.4940046e-14
       5.9969746   7.5367613e-14   7.5282233e-14
       6.0030254   7.5559433e-14   7.5475609e-14
       6.0090763   7.5597857e-14   7.5515523e-14
       6.0151271   7.5487793e-14   7.5406970e-14
       6.0211780   7.5232555e-14   7.5153259e-14
       6.0272288   7.4833168e-14   7.4755414e-14
       6.0332797   7.4288471e-14   7.4212273e-14
       6.0393306   7.3595169e-14   7.3520543e-14
       6.0453814   7.2747697e-14   7.2674662e-14
       6.0514323   7.1738820e-14   7.1667399e-14
       6.0574831   7.0567400e-14   7.0497621e-14
       6.0635340   6.9246915e-14   6.9178808e-14
       6.0695848   6.7789711e-14   6.7723308e-14
       6.0756357   6.6205865e-14   6.6141206e-14
       6.0816865   6.4503094e-14   6.4440226e-14
       6.0877374   6.2686576e-14   6.2625551e-14
       6.0937882   6.0760179e-14   6.0701061e-14
       6.0998391   5.8725650e-14   5.8668507e-14
       6.1058899   5.6588004e-14   5.6532909e-14
       6.1119408   5.4366204e-14   5.4313235e-14
       6.1179917   5.2080806e-14   5.2030044e-14
       6.1240425   4.9748188e-14   4.9699719e-14
       6.1300934   4.7382229e-14   4.7336139e-14
       6.1361442   4.4994221e-14   4.4950595e-14
       6.1421951   4.2592767e-14   4.2551686e-14
       6.1482459   4.0185531e-14   4.0147064e-14
       6.1542968   3.7779293e-14   3.7743496e-14
       6.1603476   3.5391018e-14   3.5357930e-14
       6.1663985   3.3039273e-14   3.3008919e-14
       6.1724493   3.0739271e-14   3.0711660e-14
       6.1785002   2.8501979e-14   2.8477096e-14
       6.1845511   2.6336003e-14   2.6313809e-14
       6.1906019   2.4247616e-14   2.4228039e-14
       6.1966528   2.2240777e-14   2.2223711e-14
       6.2027036   2.0318907e-14   2.0304199e-14
       6.2087545   1.8488465e-14   1.8475930e-14
       6.2148053   1.6758999e-14   1.6748426e-14
       6.2208562   1.5136028e-14   1.5127182e-14
       6.2269070   1.3622449e-14   1.3615070e-14
       6.2329579   1.2218770e-14   1.2212575e-14
       6.2390087   1.0923405e-14   1.0918084e-14
       6.2450596   9.7338955e-15   9.7291155e-15
       6.2511104   8.6464773e-15   8.6418816e-15
       6.2571613   7.6587901e-15   7.6540130e-15
       6.2632122   6.7703617e-15   6.7650584e-15
       6.2692630   5.9789297e-15   5.9727825e-15
       6.2753139   5.2799849e-15   5.2727039e-15
       6.2813647   4.6678797e-15   4.6592025e-15
       6.2874156   4.1361239e-15   4.1258167e-15
       6.2934664   3.6776631e-15   3.6655196e-15
       6.2995173   3.2854278e-15   3.2712699e-15
       6.3055681   2.9525545e-15   2.9362370e-15
       6.3116190   2.6737384e-15   2.6551721e-15
       6.3176698   2.4433962e-15   2.4225470e-15
       6.3237207   2.2556021e-15   2.2324813e-15
       6.3297716   2.1043344e-15   2.0789903e-15
       6.3358224   1.9836671e-15   1.9561755e-15
       6.3418733   1.8879744e-15   1.8584328e-15
       6.3479241   1.8119163e-15   1.7804371e-15
       6.3539750   1.7505791e-15   1.7172852e-15
       6.3600258   1.6999981e-15   1.6650232e-15
       6.3660767   1.6569603e-15   1.6204463e-15
       6.3721275   1.6185657e-15   1.5806567e-15
       6.3781784   1.5822460e-15   1.5430846e-15
       6.3842292   1.5457427e-15   1.5054666e-15
       6.3902801   1.5070903e-15   1.4658303e-15
       6.3963309   1.4646284e-15   1.4225069e-15
       6.4023818   1.4169942e-15   1.3741247e-15
       6.4084327   1.3638239e-15   1.3203104e-15
       6.4144835   1.3058338e-15   1.2617708e-15
       6.4205344   1.2438839e-15   1.1993566e-15
       6.4265852   1.1788258e-15   1.1339103e-15
       6.4326361   1.1115000e-15   1.0662642e-15
       6.4386869   1.0427033e-15   9.9720707e-16
       6.4447378   9.7315826e-16   9.2745470e-16
       6.4507886   9.0354948e-16   8.5768502e-16
       6.4568395   8.3468553e-16   7.8870076e-16
       6.4628903   7.6778362e-16   7.2171372e-16
       6.4689412   7.0382103e-16   6.5769637e-16
       6.4749921   6.4349916e-16   5.9734598e-16
       6.4810429   5.8726940e-16   5.4111030e-16
       6.4870938   5.3536455e-16   4.8921899e-16
       6.4931446   4.8787086e-16   4.4175561e-16
       6.4991955   4.4473176e-16   3.9866122e-16
       6.5052463   4.0581968e-16   3.5980620e-16
       6.5112972   3.7097812e-16   3.2503228e-16
       6.5173480   3.4001371e-16   2.9414456e-16
       6.5233989   3.1267238e-16   2.6688764e-16
       6.5294497   2.8867705e-16   2.4298332e-16
       6.5355006   2.6773391e-16   2.2213681e-16
       6.5415514   2.4953980e-16   2.0404414e-16
       6.5476023   2.3380056e-16   1.8841042e-16
       6.5536532   2.2022525e-16   1.7494411e-16
       6.5597040   2.0855293e-16   1.6338374e-16
       6.5657549   1.9854577e-16   1.5349103e-16
       6.5718057   1.8998681e-16   1.4504861e-16
       6.5778566   1.8267553e-16   1.3785562e-16
       6.5839074   1.7642539e-16   1.3172525e-16
       6.5899583   1.7106620e-16   1.2648704e-16
       6.5960091   1.6643851e-16   1.2198134e-16
       6.6020600   1.6239574e-16   1.1806136e-16
